172

cretico soluto: Dianamqiic pipi—‘4565 Ι 1,11. 6,15. 9, 2. 12, 73, 20.
11 1, 6. 916. 16, 4. 16, 26. 21, 6. 11, 10. 26,14.

trochaeo soluto: 8111111111 1116611351 6,10. 7, 20. 7, 9. 12, 7. 13, 21.
16, 2. 18,18,11. 116,12. 1, 16. 6, 26. 1624. 1811. 14,14. 11, 20. 11,
2¹. 21 22.
⁰ 2. creticus cum molosso vel palimbacchio: 10111111111181111118111811)8”888
Hm62

cretico soluto: alial 0110811118) 888811Π 3, 24.
molosso soluto: qdod 811 1110100118ιῆ Ι 5, 66, 20. 16, 6. 18, 80, 12.

3. 01811018 cum ditrochaeo: intElligiilqdali‘dte‘in Ι 5, 67, 19. 9, 7. 13,
118188118118881Μ181888188188
mcmmmmmmmmmm

—

o—Ll

cretico soluto: 81111808110111111) 511101ΙΙ 13, 29.
„ : 8111618111 hinc 0181811111· Ι 4,14.

4. creticus cum dispondeo: enhntiari 101 mss-46 I 5, 26. 11, 16. 14,

18, 19.

cretico soluto: {di ldngc pciordI 16, 2.

Π. 11111001181088. -

1. 1181111118111811811111111881. 1, 66, 6. 2,16. 2, 6. 4, 2.
6, 6. 6, 10. 6,14. 1,11. 1,88, 16. 6, 69, 20. 6, 26. 8,10,18. 8,10,18. 6,
10, 20. 8,11.10,18,14, 11, 24. 12, 26. 12,12. 12, 11, 16. 14, 1621. 11,
18, 24. 16,19. 16, 4. 11 1, 2. 8, 20. 6, 22. 6, 16. 6, 6. 1,14.1,11. 8, 8.
8, 22. 9, 6. 9, 66, 11. 10,21. 12, 1. 16‚19.16,26. 162. 14, 26. 16, 6.
16, 1. 11,19. 1118. 20,2. 201. 21,20. 21, 29. 22,10. 11, 16. 22, 19.
26, 26. 26, 26. 26, 29. 26,2. 241. 2411. 24,100,16. 24, 100, 26. 26,
102,1. 18, 12. 2612. 26, 29. 26, 60. 26, 196, 6. 11, 6. 26, 6.

trochaeo priore soluto: pssa‘iibis 8888 Ι 7, 2.
Ι

5 trochaeo posteriore soluto: feruntfir qiidd 1511111111 (8)81 II 2, 20. 6,
1 . 24, 100, 19.

2. ditrochaei bini: 111811111818 magiit'udi I 5, 7. 5,67, 17.
priore ditrochaeo soluto: 8 {mil—‘ibis non 8111511811 ΙΙ 22, 97, 9.

ΠΙ. dispondiacae: Archytam 8801811118 Ι 3,14. 4, 5. 7,14. 8, 23. 11,
24. 14, 75, 26. 1416. 17, 5. ΙΙ 2, 5. 610. 8, 5. 10, 25. 19, 2. 19, 6. 19,
12. 22, 2. 23, 98, 10. 24, 6. 25, 7. 26, 16. 26, 19.

dispondeo soluto: terrae 811 [1181111111. 10, 3. 16, 9. 17, 22. ΙΙ 3,
16. 6, 21. 20, 96, 16.

 

