189

dispondeo soluto: curiosit 101110 [10001100111 121.ss 24,.8 113,.5 III
2,.19111319,1.20,.4

11. ditrocheicae.

1. ditrochaeus unus: 0111100101 Ι 2, 6. 2,11. 3, 20. 4,5. 4, 9. 6, 4.
8,.27 8,5.59,91;1,.251,32.113,28.1,412.14,.12014,.2114,
26.15,1. 6,1.,.,11751826,1 18,,32,1921, 21,.2922,1.422,
17.24,22.124,6,124,1.11,2413.25,11(1)10).25,3226,.126,.3111,
οΉΜ10030404οΜ101000010
1Ή1001ω1 merom 1Μ10000οω000
0001οΜ4010001000001000
001110000οω010οῳ.010000000
00100000001010000100000
01ᾘο00000000001ωο00000
00000000000

trochaeo priore soluto: 01101010 11'07311515. 10,11. 31,1. ΙΠ6, 15.

1100110οο000101101000111101001001615111,19. 24,25. Π 4,1. 10,

000οω10100000000000οω0
mo

2. ditrochaei bini: ex nego 10 1101050111 1 2, 19,1 Π 20, 2, 30,17.
ΙΠ2,5. 10 31 27, 21. 29 27

di trochaeo priore soluto: modo 1001110110 saeviat 111110 9,10.

ΙΙΙ. dispondiacae.

prostemuntur111,23. 12,1.113,28.158.15,.13 16, 2. 18, 3, Π
5,23. 7,12.11, 17 18, 29. 21, 24. 2714 428,1. 28, 1. 30, 29. 30,13.
ΙΠ3,22.11,17. 21,30. 61, 15, 22, 6. 25, 19. 26, 26. 26, 2. 28, 8. 28, 10,

spondeo priore solut:o ffiuh 106115 I 22,15. II 23,19. 24, 1. III
2, 12. 11, 23. 13, 27.

spohdeo posteriore solut:0 11101000 (10000110 a(e e)st Ι 4,14. 10,1. 15, 11.

19,11,,2220237..,2525 Π4,,,3112519,5 21,.,,20246 24,17.
39,1.8 ΙΠ3,,,,0619

spondeo utroque solut:o 111110οΫ rn terii Ι 4 1. II 3, 29.

IIII dactylicae.

1. clausulaheroica: 0011105060 Ι 4,14. 15,5, 19,16. 21, 20. 115.
hommmwofflffio

eadem soluta: trffirsp) 0110111111 Ι 26, 5.

 

