168

Β. 9191199 19 sede paenultima posito.

1. creticus cum trochaeo vel spondeo: fabulam 19991119.

14,12. 5, 25. 519. 5,19. 1,15. 9,12. 10, 21. 11,12. 12, 9. 12, 9.
19, 5. 14, 19. 15,15. 11,14. 20,15. 21, 2. 22, 22. 2910. 112,14. 2, 25.
4,19. 4, 5. 5, 19. 5, 25. 511. 5, 21. 1, 29. 1, 5. 3,15. 9,15, 9191991.
15, 2. 12,19.14,29. 15, 3. 11, 24. 19, 24. 19, 2. 19, 9. 20, 5. 20, 5. 21,19.
22, 5. 29, 25. 2419. 2415. 29, 19. 29, 5. 2919. 29, 25. 39, 95. 39, 13.
3913. 111 1, 3. 9,12. 5, 29. 9, 29. 10, 25. 11,19. 19, 29. 15,25. 15, 1.
99999991999999999399
999999959991

59Η9999999155919991ω991
9999991

,2mwfflssfflhmw4mmnamamoa
99999

spondeo soluto: aggressos 9119911111 1,11. 1,15. 11, 8. 13, 9. 14, 11.
iwommmmlnwammmamanwmams
5999959593991ω9999ῃ9999ψ.
999999

2. 91911993 oum molosso vel palimbacchio: 399933199319399911111 l,

115959595999199399.91199133
99993ῃ99999999.

molosso soluto: teriiu‘mln'ie 19919 Ι 2, 8. 5,1. H 3, 9. 13, 2. 18, 5.
mm9m9m2m2m9m1mamm

„ „ : calamitatis 31139 99191999) 11911991 Ι 21,1.

3. creticus cum ditrochaeo: inconditas 1911991111 Ι 2,15. 1, 21. 8,
191) 8, 2. 12, 28. 18, 8. 24, 30. 11914. 11, 20. 12, 19. 16, 21. 1019.

21,9. 91,19. 99,99. 99,91, 111 1,14. 4,22. 1,3. 9,50. 10,29. 12,5.
9999 ·

9999ὥ9999ωῃω5
ditrochaeo soluto: 1911931991 medictatem 114, 19.

,‚ 1911991ξ119911191139ῦ119931123,21. ΙΙΙ 9, 5.

4. creticus cum dispondeo: palpitaildo saltare-‘t I 19, 19. 11, 8. 11,
m5m1flan2w5mm.m5m

¹)i11 hac pagina typothetae errore versuum 20 et 25 indiculi ad versus 21 9196
adpositi sunt.

 

